   10 base-pairs
...     1 A+T ...
    2.2989    1.7031   -0.3675
   -0.8706   -0.4831   -0.0930
   -0.4599    0.8663   -0.1952
    0.1748   -0.1272   -0.9763
...     2 A+T ...
    2.8424    0.3257   -3.6276
   -0.9955    0.0169   -0.0929
    0.0349    0.9801   -0.1952
    0.0878   -0.1975   -0.9764
...     3 A+T ...
    2.6246   -1.1394   -6.8875
   -0.8537    0.5124   -0.0929
    0.5202    0.8314   -0.1952
   -0.0227   -0.2150   -0.9763
...     4 A+T ...
    1.7031   -2.2989  -10.1475
   -0.4831    0.8706   -0.0930
    0.8663    0.4599   -0.1952
   -0.1272   -0.1748   -0.9763
...     5 A+T ...
    0.3257   -2.8424  -13.4076
    0.0169    0.9955   -0.0929
    0.9801   -0.0349   -0.1952
   -0.1975   -0.0878   -0.9764
...     6 A+T ...
   -1.1394   -2.6246  -16.6675
    0.5124    0.8537   -0.0929
    0.8314   -0.5202   -0.1952
   -0.2150    0.0227   -0.9763
...     7 A+T ...
   -2.2989   -1.7031  -19.9275
    0.8706    0.4831   -0.0930
    0.4599   -0.8663   -0.1952
   -0.1748    0.1272   -0.9763
...     8 A+T ...
   -2.8424   -0.3257  -23.1876
    0.9955   -0.0169   -0.0929
   -0.0349   -0.9801   -0.1952
   -0.0878    0.1975   -0.9764
...     9 A+T ...
   -2.6246    1.1394  -26.4475
    0.8537   -0.5124   -0.0929
   -0.5202   -0.8314   -0.1952
    0.0227    0.2150   -0.9763
...    10 A+T ...
   -1.7031    2.2989  -29.7075
    0.4831   -0.8706   -0.0930
   -0.8663   -0.4599   -0.1952
    0.1272    0.1748   -0.9763
